n006-00000 00001 0.00 8.5
n006-00001 00002 0.00 10.43
n006-00002 00003 0.00 8.05
n006-00003 00004 0.00 6.88
n006-00004 00005 0.00 7.35
n006-00005 00006 0.00 7.22
n006-00006 00007 0.00 7.83
n006-00007 00008 0.00 6.88
n006-00008 00009 0.00 8.12
n006-00009 00010 0.00 6.8
n006-00010 00011 0.00 8.2
n006-00011 00012 0.00 6.83
n006-00012 00013 0.00 6.45
n006-00013 00014 0.00 9.7
n006-00014 00015 0.00 7.03
n006-00015 00016 0.00 9.03
n006-00016 00017 0.00 8.05
n006-00017 00018 0.00 10.6
n006-00018 00019 0.00 6.97
n006-00019 00020 0.00 9.2
n006-00020 00021 0.00 8.82
n006-00021 00022 0.00 8.03
n006-00022 00023 0.00 8.43
n006-00023 00024 0.00 7.25
n006-00024 00025 0.00 6.9
n006-00025 00026 0.00 6.25
n006-00026 00027 0.00 7.8
n006-00027 00028 0.00 6.72
n006-00028 00029 0.00 8.65
n006-00029 00030 0.00 9.03
n004-00030 00031 0.00 8.68
n004-00031 00032 0.00 5.17
n004-00032 00033 0.00 10.07
n004-00033 00034 0.00 8.95
n004-00034 00035 0.00 6.67
n004-00035 00036 0.00 9.38
n004-00036 00037 0.00 10.03
n004-00037 00038 0.00 7.72
n004-00038 00039 0.00 7.67
n004-00039 00040 0.00 7.97
n004-00040 00041 0.00 7.95
n004-00041 00042 0.00 9.22
n004-00042 00043 0.00 7.47
n004-00043 00044 0.00 7.92
n004-00044 00045 0.00 7.78
n004-00045 00046 0.00 8.82
n004-00046 00047 0.00 7.12
n004-00047 00048 0.00 8.82
n004-00048 00049 0.00 7.92
n004-00049 00050 0.00 9.25
n004-00050 00051 0.00 6.92
n004-00051 00052 0.00 8.53
n004-00052 00053 0.00 9.53
n004-00053 00054 0.00 7.65
n004-00054 00055 0.00 8.88
n004-00055 00056 0.00 8.32
n004-00056 00057 0.00 7.78
n004-00057 00058 0.00 9.4
n004-00058 00059 0.00 8.82
n004-00059 00060 0.00 10.43
n004-00060 00061 0.00 12.03
n004-00061 00062 0.00 9.72
n004-00062 00063 0.00 9.3
n004-00063 00064 0.00 8.65
n004-00064 00065 0.00 7.97
n004-00065 00066 0.00 9.3
n004-00066 00067 0.00 9.57
n004-00067 00068 0.00 8.35
n004-00068 00069 0.00 7.47
n004-00069 00070 0.00 9.93
n004-00070 00071 0.00 8.22
n004-00071 00072 0.00 8.53
n004-00072 00073 0.00 9.03
n004-00073 00074 0.00 8.38
n004-00074 00075 0.00 8.65
n004-00075 00076 0.00 9.22
n004-00076 00077 0.00 8.45
n004-00077 00078 0.00 9.43
n004-00078 00079 0.00 8.45
n004-00079 00080 0.00 9.47
n004-00080 00081 0.00 8.03
n004-00081 00082 0.00 8.57
n004-00082 00083 0.00 8.5
n004-00083 00084 0.00 9.05
n004-00084 00085 0.00 7.42
n004-00085 00086 0.00 9.95
n004-00086 00087 0.00 8.6
n004-00087 00088 0.00 9.53
n004-00088 00089 0.00 9.72
n004-00089 00090 0.00 8.97
n004-00090 00091 0.00 8.22
n004-00091 00092 0.00 9.45
n004-00092 00093 0.00 10.7
n004-00093 00094 0.00 7.92
n004-00094 00095 0.00 11.07
n004-00095 00096 0.00 10.03
n004-00096 00097 0.00 7.83
n004-00097 00098 0.00 8.18
n004-00098 00099 0.00 7.08
n004-00099 00100 0.00 9.43
n004-00100 00101 0.00 7.72
n004-00101 00102 0.00 8.15
n004-00102 00103 0.00 9.55
n004-00103 00104 0.00 8.55
n004-00104 00105 0.00 9.32
n004-00105 00106 0.00 9.65
n004-00106 00107 0.00 8.43
n004-00107 00108 0.00 11.18
n004-00108 00109 0.00 10.65
n004-00109 00110 0.00 8.62
n013-00110 00111 0.00 5.8
n004-00111 00112 0.00 10.22
n004-00112 00113 0.00 9.65
n004-00113 00114 0.00 9.25
n004-00114 00115 0.00 9.7
n004-00115 00116 0.00 9.25
n004-00116 00117 0.00 9.53
n004-00117 00118 0.00 10.45
n004-00118 00119 0.00 8.25
n004-00119 00120 0.00 8.25
n004-00120 00121 0.00 8.9
n004-00121 00122 0.00 9.6
n004-00122 00123 0.00 8.6
n004-00123 00124 0.00 8.9
n004-00124 00125 0.00 8.32
n004-00125 00126 0.00 9.65
n004-00126 00127 0.00 7.85
n004-00127 00128 0.00 8.82
n004-00128 00129 0.00 8.55
n004-00129 00130 0.00 11.22
n004-00130 00131 0.00 8.8
n004-00131 00132 0.00 10.22
n004-00132 00133 0.00 8.03
n004-00133 00134 0.00 9.6
n004-00134 00135 0.00 8.38
n004-00135 00136 0.00 7.83
n004-00136 00137 0.00 9.05
n004-00137 00138 0.00 10.55
n004-00138 00139 0.00 9.7
n004-00139 00140 0.00 9.4
n004-00140 00141 0.00 8.93
n004-00141 00142 0.00 8.68
n004-00142 00143 0.00 7.75
n004-00143 00144 0.00 8.3
n004-00144 00145 0.00 8.65
n004-00145 00146 0.00 8.3
n004-00146 00147 0.00 10.28
n004-00147 00148 0.00 9.07
n004-00148 00149 0.00 8.8
n004-00149 00150 0.00 10.0
n014-00150 00151 0.00 9.22
n014-00151 00152 0.00 9.47
n014-00152 00153 0.00 9.03
n014-00153 00154 0.00 8.22
n014-00154 00155 0.00 7.47
n014-00155 00156 0.00 7.8
n014-00156 00157 0.00 10.62
n014-00157 00158 0.00 7.12
n014-00158 00159 0.00 9.35
n014-00159 00160 0.00 9.4
n014-00160 00161 0.00 11.78
n014-00161 00162 0.00 10.28
n014-00162 00163 0.00 7.88
n014-00163 00164 0.00 8.35
n014-00164 00165 0.00 9.3
n014-00165 00166 0.00 6.17
n014-00166 00167 0.00 5.2
n014-00167 00168 0.00 6.1
n014-00168 00169 0.00 7.3
n014-00169 00170 0.00 5.6
n014-00170 00171 0.00 5.95
n014-00171 00172 0.00 6.72
n014-00172 00173 0.00 6.95
n014-00173 00174 0.00 6.12
n014-00174 00175 0.00 7.0
n014-00175 00176 0.00 5.75
n014-00176 00177 0.00 5.45
n014-00177 00178 0.00 7.33
n014-00178 00179 0.00 6.1
n014-00179 00180 0.00 5.7
n014-00180 00181 0.00 5.42
n014-00181 00182 0.00 11.5
n014-00182 00183 0.00 7.03
n014-00183 00184 0.00 6.62
n014-00184 00185 0.00 7.83
n014-00185 00186 0.00 5.72
n014-00186 00187 0.00 5.58
n014-00187 00188 0.00 6.0
n014-00188 00189 0.00 6.47
n014-00189 00190 0.00 6.15
n014-00190 00191 0.00 5.92
n014-00191 00192 0.00 6.72
n014-00192 00193 0.00 5.55
n014-00193 00194 0.00 7.0
n014-00194 00195 0.00 7.12
n014-00195 00196 0.00 6.78
n014-00196 00197 0.00 6.42
n014-00197 00198 0.00 6.0
n014-00198 00199 0.00 6.03
n014-00199 00200 0.00 6.55
n010-00200 00201 0.00 7.85
n010-00201 00202 0.00 7.72
n010-00202 00203 0.00 9.28
n010-00203 00204 0.00 6.85
n010-00204 00205 0.00 6.55
n010-00205 00206 0.00 6.42
n010-00206 00207 0.00 6.65
n010-00207 00208 0.00 5.22
n010-00208 00209 0.00 6.4
n010-00209 00210 0.00 5.88
n010-00210 00211 0.00 6.0
n010-00211 00212 0.00 6.25
n010-00212 00213 0.00 8.35
n010-00213 00214 0.00 6.35
n010-00214 00215 0.00 5.85
n010-00215 00216 0.00 7.22
n010-00216 00217 0.00 10.88
n010-00217 00218 0.00 6.4
n010-00218 00219 0.00 6.92
n010-00219 00220 0.00 6.0
n010-00220 00221 0.00 9.12
n010-00221 00222 0.00 9.97
n010-00222 00223 0.00 5.33
n010-00223 00224 0.00 7.72
n010-00224 00225 0.00 4.72
n010-00225 00226 0.00 10.78
n010-00226 00227 0.00 6.72
n010-00227 00228 0.00 10.6
n010-00228 00229 0.00 7.67
n010-00229 00230 0.00 6.33
n010-00230 00231 0.00 5.95
n010-00231 00232 0.00 8.03
n010-00232 00233 0.00 10.18
n010-00233 00234 0.00 8.4
n010-00234 00235 0.00 8.65
n010-00235 00236 0.00 6.55
n010-00236 00237 0.00 5.17
n010-00237 00238 0.00 7.9
n010-00238 00239 0.00 5.53
n010-00239 00240 0.00 9.75
n010-00240 00241 0.00 7.85
n010-00241 00242 0.00 6.0
n010-00242 00243 0.00 7.45
n010-00243 00244 0.00 7.4
n010-00244 00245 0.00 7.7
n010-00245 00246 0.00 5.58
n010-00246 00247 0.00 7.12
n010-00247 00248 0.00 7.53
n010-00248 00249 0.00 7.85
n010-00249 00250 0.00 5.95
n010-00250 00251 0.00 5.72
n010-00251 00252 0.00 6.35
n010-00252 00253 0.00 5.72
n010-00253 00254 0.00 7.65
n010-00254 00255 0.00 5.53
n010-00255 00256 0.00 10.5
n010-00256 00257 0.00 9.45
n010-00257 00258 0.00 7.42
n010-00258 00259 0.00 8.18
n010-00259 00260 0.00 5.83
n010-00260 00261 0.00 8.25
n010-00261 00262 0.00 9.57
n010-00262 00263 0.00 6.33
n010-00263 00264 0.00 6.38
n010-00264 00265 0.00 7.65
n010-00265 00266 0.00 5.83
n010-00266 00267 0.00 6.38
n010-00267 00268 0.00 7.55
n010-00268 00269 0.00 6.05
n010-00269 00270 0.00 6.88
n010-00270 00271 0.00 8.05
n010-00271 00272 0.00 6.75
n010-00272 00273 0.00 7.83
n010-00273 00274 0.00 6.4
n010-00274 00275 0.00 5.75
n010-00275 00276 0.00 8.28
n010-00276 00277 0.00 7.4
n010-00277 00278 0.00 6.22
n010-00278 00279 0.00 6.92
n010-00279 00280 0.00 6.58
n010-00280 00281 0.00 7.5
n010-00281 00282 0.00 7.42
n010-00282 00283 0.00 9.03
n010-00283 00284 0.00 8.1
n010-00284 00285 0.00 6.35
n010-00285 00286 0.00 8.32
n010-00286 00287 0.00 6.5
n010-00287 00288 0.00 9.68
n010-00288 00289 0.00 6.33
n010-00289 00290 0.00 6.03
n010-00290 00291 0.00 8.03
n010-00291 00292 0.00 7.22
n010-00292 00293 0.00 9.5
n010-00293 00294 0.00 6.38
n010-00294 00295 0.00 5.92
n010-00295 00296 0.00 6.72
n010-00296 00297 0.00 8.62
n010-00297 00298 0.00 6.25
n010-00298 00299 0.00 5.12
n010-00299 00300 0.00 4.72
n008-00300 00301 0.00 9.05
n008-00301 00302 0.00 7.88
n008-00302 00303 0.00 9.85
n008-00303 00304 0.00 6.7
n008-00304 00305 0.00 9.95
n008-00305 00306 0.00 8.03
n008-00306 00307 0.00 7.12
n008-00307 00308 0.00 7.42
n008-00308 00309 0.00 7.65
n008-00309 00310 0.00 10.88
n008-00310 00311 0.00 7.08
n008-00311 00312 0.00 8.6
n008-00312 00313 0.00 7.9
n008-00313 00314 0.00 7.3
n008-00314 00315 0.00 7.25
n008-00315 00316 0.00 6.95
n008-00316 00317 0.00 6.47
n008-00317 00318 0.00 6.72
n008-00318 00319 0.00 6.12
n008-00319 00320 0.00 7.1
n008-00320 00321 0.00 7.83
n008-00321 00322 0.00 6.33
n008-00322 00323 0.00 5.88
n008-00323 00324 0.00 6.4
n008-00324 00325 0.00 6.9
n008-00325 00326 0.00 9.15
n008-00326 00327 0.00 5.1
n008-00327 00328 0.00 7.83
n008-00328 00329 0.00 9.6
n008-00329 00330 0.00 6.53
n008-00330 00331 0.00 8.22
n008-00331 00332 0.00 8.03
n008-00332 00333 0.00 7.95
n008-00333 00334 0.00 6.65
n008-00334 00335 0.00 8.32
n008-00335 00336 0.00 9.25
n008-00336 00337 0.00 7.38
n008-00337 00338 0.00 6.8
n008-00338 00339 0.00 7.58
n008-00339 00340 0.00 7.28
n008-00340 00341 0.00 6.83
n008-00341 00342 0.00 5.22
n008-00342 00343 0.00 5.97
n008-00343 00344 0.00 7.0
n008-00344 00345 0.00 7.42
n008-00345 00346 0.00 7.53
n008-00346 00347 0.00 6.75
n008-00347 00348 0.00 6.55
n008-00348 00349 0.00 8.15
n008-00349 00350 0.00 8.62
n007-00350 00351 0.00 8.32
n007-00351 00352 0.00 6.47
n007-00352 00353 0.00 10.62
n007-00353 00354 0.00 9.6
n007-00354 00355 0.00 8.07
n007-00355 00356 0.00 6.72
n007-00356 00357 0.00 7.67
n007-00357 00358 0.00 7.83
n007-00358 00359 0.00 8.62
n007-00359 00360 0.00 7.33
n007-00360 00361 0.00 7.88
n007-00361 00362 0.00 7.22
n007-00362 00363 0.00 6.58
n007-00363 00364 0.00 8.53
n007-00364 00365 0.00 7.33
n007-00365 00366 0.00 5.95
n007-00366 00367 0.00 8.45
n007-00367 00368 0.00 7.72
n007-00368 00369 0.00 7.1
n007-00369 00370 0.00 7.22
n007-00370 00371 0.00 8.45
n007-00371 00372 0.00 6.78
n007-00372 00373 0.00 6.33
n007-00373 00374 0.00 8.2
n007-00374 00375 0.00 5.67
n007-00375 00376 0.00 6.67
n007-00376 00377 0.00 8.28
n007-00377 00378 0.00 5.8
n007-00378 00379 0.00 6.53
n007-00379 00380 0.00 7.38
n007-00380 00381 0.00 5.08
n007-00381 00382 0.00 6.15
n007-00382 00383 0.00 6.75
n007-00383 00384 0.00 8.15
n007-00384 00385 0.00 7.75
n007-00385 00386 0.00 5.72
n007-00386 00387 0.00 6.67
n007-00387 00388 0.00 5.92
n007-00388 00389 0.00 7.92
n007-00389 00390 0.00 6.42
n007-00390 00391 0.00 7.58
n007-00391 00392 0.00 5.7
n007-00392 00393 0.00 7.83
n007-00393 00394 0.00 6.58
n007-00394 00395 0.00 7.03
n007-00395 00396 0.00 5.55
n007-00396 00397 0.00 7.6
n007-00397 00398 0.00 7.25
n007-00398 00399 0.00 6.5
n007-00399 00400 0.00 6.3
n003-00400 00401 0.00 6.65
n003-00401 00402 0.00 12.75
n003-00402 00403 0.00 9.32
n003-00403 00404 0.00 8.22
n003-00404 00405 0.00 7.12
n003-00405 00406 0.00 6.88
n003-00406 00407 0.00 9.15
n003-00407 00408 0.00 9.3
n003-00408 00409 0.00 7.05
n003-00409 00410 0.00 6.9
n003-00410 00411 0.00 9.62
n003-00411 00412 0.00 7.72
n003-00412 00413 0.00 7.15
n003-00413 00414 0.00 5.8
n003-00414 00415 0.00 5.92
n003-00415 00416 0.00 7.95
n003-00416 00417 0.00 5.47
n003-00417 00418 0.00 12.18
n003-00418 00419 0.00 7.08
n003-00419 00420 0.00 6.95
n003-00420 00421 0.00 8.1
n003-00421 00422 0.00 6.15
n003-00422 00423 0.00 6.42
n003-00423 00424 0.00 6.5
n003-00424 00425 0.00 6.38
n003-00425 00426 0.00 7.53
n003-00426 00427 0.00 10.72
n003-00427 00428 0.00 8.07
n003-00428 00429 0.00 6.15
n003-00429 00430 0.00 7.03
n002-00430 00431 0.00 11.15
n002-00431 00432 0.00 9.8
n002-00432 00433 0.00 8.95
n002-00433 00434 0.00 9.4
n002-00434 00435 0.00 10.3
n002-00435 00436 0.00 7.12
n002-00436 00437 0.00 10.8
n002-00437 00438 0.00 11.15
n002-00438 00439 0.00 8.82
n002-00439 00440 0.00 11.7
n002-00440 00441 0.00 9.82
n002-00441 00442 0.00 11.45
n002-00442 00443 0.00 9.85
n002-00443 00444 0.00 11.22
n002-00444 00445 0.00 8.8
n002-00445 00446 0.00 6.62
n002-00446 00447 0.00 8.18
n002-00447 00448 0.00 9.12
n002-00448 00449 0.00 7.5
n002-00449 00450 0.00 9.35
n002-00450 00451 0.00 8.72
n002-00451 00452 0.00 8.45
n002-00452 00453 0.00 9.0
n002-00453 00454 0.00 7.8
n002-00454 00455 0.00 6.72
n002-00455 00456 0.00 6.6
n002-00456 00457 0.00 7.12
n002-00457 00458 0.00 9.97
n002-00458 00459 0.00 5.53
n002-00459 00460 0.00 7.45
n002-00460 00461 0.00 7.67
n002-00461 00462 0.00 7.1
n002-00462 00463 0.00 9.03
n002-00463 00464 0.00 5.67
n002-00464 00465 0.00 5.9
n002-00465 00466 0.00 9.45
n002-00466 00467 0.00 6.88
n002-00467 00468 0.00 6.45
n002-00468 00469 0.00 8.2
n002-00469 00470 0.00 7.4
n015-00470 00471 0.00 9.35
n015-00471 00472 0.00 9.72
n015-00472 00473 0.00 10.93
n015-00473 00474 0.00 8.32
n015-00474 00475 0.00 8.53
n015-00475 00476 0.00 9.68
n015-00476 00477 0.00 7.1
n015-00477 00478 0.00 8.2
n015-00478 00479 0.00 8.75
n015-00479 00480 0.00 9.3
n015-00480 00481 0.00 8.85
n015-00481 00482 0.00 7.12
n015-00482 00483 0.00 8.4
n015-00483 00484 0.00 10.22
n015-00484 00485 0.00 7.88
n015-00485 00486 0.00 9.43
n015-00486 00487 0.00 7.7
n015-00487 00488 0.00 7.35
n015-00488 00489 0.00 7.9
n015-00489 00490 0.00 7.9
n015-00490 00491 0.00 7.05
n015-00491 00492 0.00 8.03
n009-00492 00493 0.00 8.7
n015-00493 00494 0.00 7.83
n015-00494 00495 0.00 6.72
n015-00495 00496 0.00 6.88
n015-00496 00497 0.00 7.03
n015-00497 00498 0.00 7.83
n015-00498 00499 0.00 8.03
n015-00499 00500 0.00 8.6
n005-00500 00501 0.00 7.02
n005-00501 00502 0.00 8.65
n005-00502 00503 0.00 8.12
n005-00503 00504 0.00 5.65
n005-00504 00505 0.00 6.8
n005-00505 00506 0.00 7.77
n005-00506 00507 0.00 7.27
n005-00507 00508 0.00 10.7
n005-00508 00509 0.00 12.02
n005-00509 00510 0.00 7.4
n005-00510 00511 0.00 7.12
n005-00511 00512 0.00 9.05
n005-00512 00513 0.00 8.62
n005-00513 00514 0.00 5.45
n005-00514 00515 0.00 9.62
n005-00515 00516 0.00 8.72
n005-00516 00517 0.00 10.72
n005-00517 00518 0.00 9.72
n005-00518 00519 0.00 10.0
n005-00519 00520 0.00 8.35
n005-00520 00521 0.00 9.05
n005-00521 00522 0.00 6.9
n005-00522 00523 0.00 10.25
n005-00523 00524 0.00 8.32
n005-00524 00525 0.00 6.22
n005-00525 00526 0.00 7.97
n005-00526 00527 0.00 7.47
n005-00527 00528 0.00 10.65
n005-00528 00529 0.00 7.97
n005-00529 00530 0.00 11.49
n005-00530 00531 0.00 9.62
n005-00531 00532 0.00 9.92
n005-00532 00533 0.00 8.1
n005-00533 00534 0.00 9.4
n005-00534 00535 0.00 7.22
n005-00535 00536 0.00 9.67
n005-00536 00537 0.00 9.07
n005-00537 00538 0.00 8.57
n005-00538 00539 0.00 9.22
n005-00539 00540 0.00 6.52
n005-00540 00541 0.00 7.92
n005-00541 00542 0.00 11.94
n005-00542 00543 0.00 9.1
n005-00543 00544 0.00 8.77
n005-00544 00545 0.00 8.05
n005-00545 00546 0.00 7.57
n005-00546 00547 0.00 9.02
n005-00547 00548 0.00 8.72
n005-00548 00549 0.00 9.55
n005-00549 00550 0.00 8.95
n005-00550 00551 0.00 8.6
n005-00551 00552 0.00 8.97
n005-00552 00553 0.00 9.3
n005-00553 00554 0.00 7.02
n005-00554 00555 0.00 8.07
n005-00555 00556 0.00 8.32
n005-00556 00557 0.00 7.22
n005-00557 00558 0.00 11.34
n005-00558 00559 0.00 8.82
n005-00559 00560 0.00 8.92
n005-00560 00561 0.00 7.62
n005-00561 00562 0.00 5.95
n005-00562 00563 0.00 8.07
n005-00563 00564 0.00 8.22
n005-00564 00565 0.00 8.52
n005-00565 00566 0.00 8.02
n005-00566 00567 0.00 8.62
n005-00567 00568 0.00 8.37
n005-00568 00569 0.00 8.3
n005-00569 00570 0.00 7.35
n005-00570 00571 0.00 6.77
n005-00571 00572 0.00 6.17
n005-00572 00573 0.00 7.07
n005-00573 00574 0.00 7.35
n005-00574 00575 0.00 9.32
n005-00575 00576 0.00 9.22
n005-00576 00577 0.00 9.82
n005-00577 00578 0.00 6.22
n005-00578 00579 0.00 7.95
n005-00579 00580 0.00 11.44
n005-00580 00581 0.00 8.9
n005-00581 00582 0.00 8.1
n005-00582 00583 0.00 8.72
n005-00583 00584 0.00 7.02
n005-00584 00585 0.00 8.95
n005-00585 00586 0.00 6.4
n005-00586 00587 0.00 9.5
n005-00587 00588 0.00 8.2
n005-00588 00589 0.00 9.05
n005-00589 00590 0.00 7.12
n005-00590 00591 0.00 7.47
n005-00591 00592 0.00 7.75
n005-00592 00593 0.00 8.72
n005-00593 00594 0.00 5.97
n005-00594 00595 0.00 7.2
n005-00595 00596 0.00 7.75
n005-00596 00597 0.00 9.82
n005-00597 00598 0.00 6.6
n005-00598 00599 0.00 7.82
n005-00599 00600 0.00 10.47
n001-00600 00601 0.00 6.02
n001-00601 00602 0.00 6.47
n001-00602 00603 0.00 7.92
n001-00603 00604 0.00 5.5
n001-00604 00605 0.00 6.72
n001-00605 00606 0.00 6.92
n001-00606 00607 0.00 12.72
n001-00607 00608 0.00 11.32
n001-00608 00609 0.00 9.52
n001-00609 00610 0.00 7.45
n001-00610 00611 0.00 8.22
n001-00611 00612 0.00 5.62
n001-00612 00613 0.00 13.74
n001-00613 00614 0.00 11.69
n001-00614 00615 0.00 16.22
n001-00615 00616 0.00 16.87
n001-00616 00617 0.00 15.14
n001-00617 00618 0.00 9.4
n009-00618 00619 0.00 4.9
n001-00619 00620 0.00 8.65
n001-00620 00621 0.00 5.8
n001-00621 00622 0.00 6.8
n001-00622 00623 0.00 8.2
n001-00623 00624 0.00 7.92
n001-00624 00625 0.00 9.07
n001-00625 00626 0.00 8.32
n001-00626 00627 0.00 8.65
n001-00627 00628 0.00 7.0
n001-00628 00629 0.00 6.92
n001-00629 00630 0.00 8.77
n001-00630 00631 0.00 7.57
n001-00631 00632 0.00 6.82
n001-00632 00633 0.00 7.35
n001-00633 00634 0.00 7.2
n009-00634 00635 0.00 5.1
n001-00635 00636 0.00 7.27
n001-00636 00637 0.00 9.3
n001-00637 00638 0.00 9.22
n001-00638 00639 0.00 7.12
n001-00639 00640 0.00 12.49
n001-00640 00641 0.00 8.42
n001-00641 00642 0.00 7.3
n001-00642 00643 0.00 6.02
n001-00643 00644 0.00 7.45
n001-00644 00645 0.00 7.75
n001-00645 00646 0.00 8.12
n001-00646 00647 0.00 8.5
n001-00647 00648 0.00 9.12
n001-00648 00649 0.00 7.65
n001-00649 00650 0.00 5.72
n001-00650 00651 0.00 9.07
n001-00651 00652 0.00 8.22
n001-00652 00653 0.00 6.82
n001-00653 00654 0.00 8.35
n001-00654 00655 0.00 6.72
n001-00655 00656 0.00 8.02
n001-00656 00657 0.00 8.47
n001-00657 00658 0.00 5.02
n001-00658 00659 0.00 9.47
n001-00659 00660 0.00 7.17
n001-00660 00661 0.00 5.12
n001-00661 00662 0.00 11.84
n001-00662 00663 0.00 9.62
n001-00663 00664 0.00 10.82
n001-00664 00665 0.00 6.07
n001-00665 00666 0.00 9.32
n001-00666 00667 0.00 9.15
n001-00667 00668 0.00 9.82
n001-00668 00669 0.00 4.92
n001-00669 00670 0.00 7.85
n001-00670 00671 0.00 8.0
n001-00671 00672 0.00 7.27
n001-00672 00673 0.00 10.72
n001-00673 00674 0.00 10.32
n001-00674 00675 0.00 6.9
n001-00675 00676 0.00 8.3
n001-00676 00677 0.00 6.4
n001-00677 00678 0.00 8.2
n001-00678 00679 0.00 7.92
n001-00679 00680 0.00 8.92
n001-00680 00681 0.00 10.5
n001-00681 00682 0.00 6.9
n001-00682 00683 0.00 7.07
n001-00683 00684 0.00 6.72
n001-00684 00685 0.00 8.9
n001-00685 00686 0.00 7.15
n001-00686 00687 0.00 8.82
n001-00687 00688 0.00 8.52
n001-00688 00689 0.00 7.67
n001-00689 00690 0.00 7.22
n001-00690 00691 0.00 6.55
n001-00691 00692 0.00 7.27
n001-00692 00693 0.00 6.4
n001-00693 00694 0.00 11.02
n001-00694 00695 0.00 8.05
n001-00695 00696 0.00 13.94
n001-00696 00697 0.00 13.54
n001-00697 00698 0.00 9.25
n001-00698 00699 0.00 13.72
n001-00699 00700 0.00 15.34
n009-00700 00701 0.00 10.9
n009-00701 00702 0.00 9.37
n009-00702 00703 0.00 7.95
n009-00703 00704 0.00 8.47
n009-00704 00705 0.00 9.07
n009-00705 00706 0.00 8.5
n009-00706 00707 0.00 11.59
n009-00707 00708 0.00 10.7
n009-00708 00709 0.00 11.82
n009-00709 00710 0.00 9.45
n009-00710 00711 0.00 11.77
n009-00711 00712 0.00 13.27
n009-00712 00713 0.00 10.7
n009-00713 00714 0.00 8.85
n009-00714 00715 0.00 6.9
n009-00715 00716 0.00 6.92
n009-00716 00717 0.00 12.92
n009-00717 00718 0.00 8.82
n009-00718 00719 0.00 10.85
n009-00719 00720 0.00 15.32
n009-00720 00721 0.00 6.62
n009-00721 00722 0.00 9.7
n009-00722 00723 0.00 10.2
n009-00723 00724 0.00 7.42
n009-00724 00725 0.00 8.0
n009-00725 00726 0.00 7.7
n009-00726 00727 0.00 10.42
n009-00727 00728 0.00 9.12
n009-00728 00729 0.00 9.52
n009-00729 00730 0.00 8.82
n009-00730 00731 0.00 8.95
n009-00731 00732 0.00 11.72
n009-00732 00733 0.00 8.12
n009-00733 00734 0.00 9.02
n009-00734 00735 0.00 8.37
n009-00735 00736 0.00 10.8
n009-00736 00737 0.00 11.09
n009-00737 00738 0.00 7.22
n009-00738 00739 0.00 9.42
n009-00739 00740 0.00 8.32
n009-00740 00741 0.00 7.32
n009-00741 00742 0.00 9.52
n009-00742 00743 0.00 8.5
n009-00743 00744 0.00 11.42
n009-00744 00745 0.00 10.52
n009-00745 00746 0.00 11.92
n009-00746 00747 0.00 6.92
n009-00747 00748 0.00 10.85
n009-00748 00749 0.00 8.27
n009-00749 00750 0.00 10.65
n009-00750 00751 0.00 10.75
n009-00751 00752 0.00 12.54
n009-00752 00753 0.00 8.22
n009-00753 00754 0.00 8.7
n009-00754 00755 0.00 10.27
n009-00755 00756 0.00 11.07
n009-00756 00757 0.00 10.15
n009-00757 00758 0.00 10.42
n009-00758 00759 0.00 10.7
n009-00759 00760 0.00 12.09
n009-00760 00761 0.00 6.6
n009-00761 00762 0.00 8.07
n009-00762 00763 0.00 6.92
n009-00763 00764 0.00 9.7
n009-00764 00765 0.00 9.32
n009-00765 00766 0.00 13.34
n009-00766 00767 0.00 9.95
n009-00767 00768 0.00 10.97
n009-00768 00769 0.00 10.12
n009-00769 00770 0.00 8.4
n009-00770 00771 0.00 7.22
n009-00771 00772 0.00 10.52
n009-00772 00773 0.00 11.39
n009-00773 00774 0.00 9.57
n009-00774 00775 0.00 11.07
n009-00775 00776 0.00 9.65
n009-00776 00777 0.00 8.72
n009-00777 00778 0.00 9.52
n009-00778 00779 0.00 8.2
n009-00779 00780 0.00 11.29
n009-00780 00781 0.00 9.92
n009-00781 00782 0.00 14.29
n009-00782 00783 0.00 8.72
n009-00783 00784 0.00 10.82
n009-00784 00785 0.00 10.32
n009-00785 00786 0.00 9.25
n009-00786 00787 0.00 11.24
n009-00787 00788 0.00 12.64
n009-00788 00789 0.00 11.89
n009-00789 00790 0.00 8.02
n009-00790 00791 0.00 8.12
n009-00791 00792 0.00 7.22
n009-00792 00793 0.00 8.7
n009-00793 00794 0.00 9.2
n009-00794 00795 0.00 6.65
n009-00795 00796 0.00 7.92
n009-00796 00797 0.00 10.27
n009-00797 00798 0.00 6.87
n009-00798 00799 0.00 5.52
n009-00799 00800 0.00 10.55
n005-00800 00801 0.00 7.32
n005-00801 00802 0.00 7.97
n005-00802 00803 0.00 6.85
n005-00803 00804 0.00 7.65
n005-00804 00805 0.00 8.02
n005-00805 00806 0.00 6.5
n005-00806 00807 0.00 7.9
n005-00807 00808 0.00 8.72
n005-00808 00809 0.00 8.82
n005-00809 00810 0.00 8.15
n005-00810 00811 0.00 9.87
n005-00811 00812 0.00 7.0
n005-00812 00813 0.00 6.55
n005-00813 00814 0.00 7.92
n005-00814 00815 0.00 7.45
n005-00815 00816 0.00 7.87
n005-00816 00817 0.00 7.55
n005-00817 00818 0.00 7.35
n005-00818 00819 0.00 7.82
n005-00819 00820 0.00 7.2
n005-00820 00821 0.00 10.12
n005-00821 00822 0.00 8.52
n005-00822 00823 0.00 7.65
n005-00823 00824 0.00 7.57
n005-00824 00825 0.00 7.82
n005-00825 00826 0.00 6.52
n005-00826 00827 0.00 8.72
n005-00827 00828 0.00 6.17
n005-00828 00829 0.00 8.72
n005-00829 00830 0.00 6.62
n005-00830 00831 0.00 8.0
n005-00831 00832 0.00 8.75
n005-00832 00833 0.00 7.17
n005-00833 00834 0.00 9.17
n005-00834 00835 0.00 8.02
n005-00835 00836 0.00 8.62
n005-00836 00837 0.00 7.62
n005-00837 00838 0.00 8.47
n005-00838 00839 0.00 6.75
n005-00839 00840 0.00 9.7
n005-00840 00841 0.00 9.12
n005-00841 00842 0.00 8.07
n005-00842 00843 0.00 6.62
n005-00843 00844 0.00 8.42
n005-00844 00845 0.00 8.47
n005-00845 00846 0.00 9.42
n005-00846 00847 0.00 7.72
n005-00847 00848 0.00 11.04
n005-00848 00849 0.00 8.82
n005-00849 00850 0.00 9.22
n005-00850 00851 0.00 7.5
n005-00851 00852 0.00 9.65
n005-00852 00853 0.00 9.0
n005-00853 00854 0.00 9.02
n005-00854 00855 0.00 9.0
n005-00855 00856 0.00 9.95
n005-00856 00857 0.00 9.4
n005-00857 00858 0.00 9.02
n005-00858 00859 0.00 10.62
n005-00859 00860 0.00 6.87
n005-00860 00861 0.00 10.82
n005-00861 00862 0.00 9.72
n005-00862 00863 0.00 9.47
n005-00863 00864 0.00 7.52
n005-00864 00865 0.00 8.47
n005-00865 00866 0.00 9.25
n005-00866 00867 0.00 10.15
n005-00867 00868 0.00 7.45
n005-00868 00869 0.00 8.97
n005-00869 00870 0.00 8.4
n005-00870 00871 0.00 10.2
n005-00871 00872 0.00 7.87
n005-00872 00873 0.00 7.7
n005-00873 00874 0.00 10.7
n005-00874 00875 0.00 7.85
n005-00875 00876 0.00 7.67
n005-00876 00877 0.00 8.55
n005-00877 00878 0.00 9.02
n005-00878 00879 0.00 9.02
n005-00879 00880 0.00 8.85
n012-00880 00881 0.00 10.6
n012-00881 00882 0.00 7.6
n012-00882 00883 0.00 6.22
n012-00883 00884 0.00 7.6
n012-00884 00885 0.00 6.87
n012-00885 00886 0.00 5.22
n012-00886 00887 0.00 7.7
n012-00887 00888 0.00 5.62
n012-00888 00889 0.00 7.2
n012-00889 00890 0.00 5.9
n012-00890 00891 0.00 9.42
n012-00891 00892 0.00 5.0
n012-00892 00893 0.00 7.8
n012-00893 00894 0.00 6.57
n012-00894 00895 0.00 7.55
n012-00895 00896 0.00 6.92
n012-00896 00897 0.00 6.95
n012-00897 00898 0.00 10.1
n012-00898 00899 0.00 5.67
n012-00899 00900 0.00 8.32
n011-00900 00901 0.00 5.62
n011-00901 00902 0.00 6.55
n011-00902 00903 0.00 6.12
n011-00903 00904 0.00 7.3
n011-00904 00905 0.00 9.12
n011-00905 00906 0.00 6.77
n011-00906 00907 0.00 9.75
n011-00907 00908 0.00 12.52
n011-00908 00909 0.00 15.54
n011-00909 00910 0.00 6.15
n011-00910 00911 0.00 7.8
n011-00911 00912 0.00 5.92
n011-00912 00913 0.00 5.82
n011-00913 00914 0.00 8.72
n011-00914 00915 0.00 6.62
n011-00915 00916 0.00 8.07
n011-00916 00917 0.00 8.87
n011-00917 00918 0.00 8.37
n011-00918 00919 0.00 7.87
n011-00919 00920 0.00 5.67
n011-00920 00921 0.00 7.45
n011-00921 00922 0.00 6.22
n011-00922 00923 0.00 6.02
n011-00923 00924 0.00 8.62
n011-00924 00925 0.00 9.35
n011-00925 00926 0.00 6.52
n011-00926 00927 0.00 7.52
n011-00927 00928 0.00 6.82
n011-00928 00929 0.00 9.15
n011-00929 00930 0.00 6.5
n011-00930 00931 0.00 8.85
n011-00931 00932 0.00 10.62
n011-00932 00933 0.00 8.15
n011-00933 00934 0.00 7.57
n011-00934 00935 0.00 10.05
n011-00935 00936 0.00 10.87
n011-00936 00937 0.00 9.7
n011-00937 00938 0.00 9.02
n011-00938 00939 0.00 7.52
n011-00939 00940 0.00 6.45
n011-00940 00941 0.00 7.27
n011-00941 00942 0.00 6.27
n011-00942 00943 0.00 9.62
n011-00943 00944 0.00 6.92
n011-00944 00945 0.00 11.29
n011-00945 00946 0.00 8.9
n011-00946 00947 0.00 7.57
n011-00947 00948 0.00 11.39
n011-00948 00949 0.00 9.22
n011-00949 00950 0.00 10.97
n005-00950 00951 0.00 10.15
n005-00951 00952 0.00 10.3
n005-00952 00953 0.00 11.74
n005-00953 00954 0.00 10.75
n005-00954 00955 0.00 11.04
n005-00955 00956 0.00 13.22
n005-00956 00957 0.00 8.62
n005-00957 00958 0.00 14.67
n005-00958 00959 0.00 12.44
n005-00959 00960 0.00 9.67
n005-00960 00961 0.00 12.19
n005-00961 00962 0.00 9.77
n005-00962 00963 0.00 10.85
n005-00963 00964 0.00 12.72
n005-00964 00965 0.00 11.47
n005-00965 00966 0.00 11.59
n005-00966 00967 0.00 10.47
n005-00967 00968 0.00 10.82
n005-00968 00969 0.00 12.89
n005-00969 00970 0.00 10.6
n005-00970 00971 0.00 9.52
n005-00971 00972 0.00 10.62
n005-00972 00973 0.00 9.7
n005-00973 00974 0.00 8.5
n005-00974 00975 0.00 9.4
n005-00975 00976 0.00 11.57
n005-00976 00977 0.00 10.85
n005-00977 00978 0.00 9.42
n005-00978 00979 0.00 9.92
n005-00979 00980 0.00 12.27
n005-00980 00981 0.00 8.52
n005-00981 00982 0.00 9.72
n005-00982 00983 0.00 10.5
n005-00983 00984 0.00 12.39
n005-00984 00985 0.00 8.8
n005-00985 00986 0.00 10.02
n005-00986 00987 0.00 8.85
n005-00987 00988 0.00 8.32
n005-00988 00989 0.00 8.02
n005-00989 00990 0.00 8.7
n005-00990 00991 0.00 10.3
n005-00991 00992 0.00 8.9
n005-00992 00993 0.00 9.32
n005-00993 00994 0.00 8.17
n009-00994 00995 0.00 6.1
n009-00995 00996 0.00 11.0
n009-00996 00997 0.00 5.6
n009-00997 00998 0.00 7.4
n005-00998 00999 0.00 9.85
n005-00999 01000 0.00 8.25